58
42
10
24
22
15
11
51
46
11
58
45
18
67
32
71
26
47
44
3
64
7
43
19
87
59
23
0
25
25
15
7
19
97
18
36
25
14
2
15
21
63
28
25
87
26
34
3
55
39
2
33
4
99
61
3
78
14
8
23
24
50
42
11
42
21
54
44
34
147
4
4
37
65
11
25
26
73
0
87
13
53
54
39
14
17
74
16
33
26
61
83
14
96
54
62
11
0
6
88
18
49
36
48
37
74
1
54
29
110
28
107
19
1
8
1
20
104
0
2
41
7
47
31
18
84
4
100
18
18
32
31
2
52
3
23
22
4
23
28
6
8
66
34
23
1
30
4
18
94
49
108
8
19
33
23
30
57
57
59
17
2
20
17
99
37
9
13
5
1
37
2
3
0
79
26
63
82
59
23
44
1
34
38
53
82
8
89
64
100
6
31
10
6
21
42
17
6
62
12
98
98
41
53
45
66
89
5
28
27
72
31
30
57
33
32
43
82
66
5
20
50
57
105
17
2
15
53
7
26
21
4
48
37
16
99
69
4
9
2
13
43
26
59
87
31
2
9
26
70
16
15
59
51
35
63
96
112
71
26
9
92
38
1
37
40
77
2
53
46
1
6
87
1
13
11
23
70
17
4
69
2
13
33
43
25
66
25
93
99
40
45
71
9
46
35
87
12
13
6
46
14
31
19
64
13
13
35
21
60
26
130
8
0
60
12
26
5
15
46
28
6
10
0
61
36
36
7
78
34
47
31
28
15
31
67
18
88
82
1
92
39
29
7
27
21
6
11
28
63
40
39
69
39
70
29
46
97
4
3
23
98
26
26
29
13
25
52
18
49
1
3
43
0
49
26
1
23
13
11
76
43
45
2
41
1
61
12
44
19
33
19
42
39
40
103
14
25
35
56
28
97
26
84
60
1
30
0
27
15
28
58
60
3
75
32
70
38
51
19
33
17
31
10
4
29
4
21
39
58
25
0
47
17
53
78
20
23
80
5
6
8
22
66
21
38
0
24
86
110
31
24
17
5
59
83
30
24
45
55
72
114
36
32
45
17
46
21
34
1
39
12
9
2
50
34
18
40
64
112
26
7
15
73
45
35
77
25
21
7
27
61
25
115
44
31
46
15
58
132
11
48
17
44
73
23
25
0
1
24
23
45
4
1
4
6
39
10
31
4
25
83
9
27
60
22
39
101
41
29
24
0
38
35
47
31
3
8
49
12
25
2
4
11
61
46
56
14
87
16
50
28
1
38
37
46
55
55
28
5
38
7
16
66
36
32
64
2
57
49
7
52
57
75
62
56
8
31
22
42
38
67
28
26
19
109
13
1
34
5
61
5
9
113
28
9
10
67
45
59
13
1
1
6
3
109
81
10
71
27
12
16
22
56
55
43
50
122
40
38
14
28
39
84
44
60
35
44
20
0
33
21
30
52
59
35
43
19
7
19
3
101
40
14
37
13
75
23
1
30
2
115
88
34
4
8
16
77
4
7
60
13
49
20
14
12
8
33
25
28
37
17
26
53
42
124
41
66
22
86
16
55
45
52
70
19
32
5
20
44
70
62
1
15
19
23
3
103
27
32
28
4
64
0
72
121
29
11
17
43
82
69
30
20
53
106
43
8
28
114
8
0
21
36
43
108
9
7
43
96
27
3
4
34
31
62
0
7
19
50
29
38
16
53
5
33
8
16
1
71
24
12
49
74
53
6
33
11
36
51
108
4
23
13
11
14
7
32
39
2
0
33
46
0
35
79
8
96
55
47
36
2
39
3
29
40
22
48
57
12
47
12
29
2
49
56
28
63
30
2
54
8
59
49
67
26
16
27
0
13
29
111
2
28
9
2
8
20
27
33
41
1
54
78
24
63
32
76
48
46
26
54
39
53
11
79
48
29
19
2
11
31
36
28
41
11
24
21
4
66
53
45
29
10
44
11
56
23
34
20
18
42
12
113
12
20
16
4
32
3
19
15
89
19
90
37
44
48
40
4
5
7
15
95
19
7
40
61
28
32
74
33
82
55
44
18
34
25
4
80
5
1
15
49
43
6
8
7
23
16
7
0
71
23
0
8
54
48
32
60
17
14
9
19
58
8
15
69
63
56
2
32
10
119
23
49
11
7
70
37
44
40
19
62
19
4
7
100
69
84
6
40
10
29
17
102
82
6
6
54
40
113
56
37
28
79
3
18
60
2
61
14
102
28
9
27
22
41
25
5
106
25
44
76
54
19
12
10
3
6
8
46
63
40
28
9
20
86
14